-0.652378125657213 -0.716154770096111 -0.364742779613512 -0.574012964404629 -0.229317397696382 -0.738166653727985 0.0533009104839988 -0.315438161909684 -0.557747256466868 -0.533015146752257 -0.785958923767048 -0.52211791478291 -0.713331707648051 -0.571897629781023 -0.74765594966959 -0.80984602910499 -0.129099444873581 -0.13879505004981 -0.739649644078009 -0.197401481919987 -0.834283178353008 -0.840972290658712 -0.129099444873581 -0.129099444873581 -0.980099021342092 -0.490479210531702
-0.740821933470827 -0.758824495411969 -0.4493988502841 -0.0777054975354492 1.84717615705427 -0.738166653727985 -0.551953699337879 -0.315438161909684 -0.557747256466868 -0.533015146752257 -0.785958923767048 -0.805076126538568 -0.751869771207751 -0.806662964902916 -0.74765594966959 -0.505158945156031 -0.129099444873581 -0.13879505004981 -0.810740945299824 -0.197401481919987 -0.8171966846486 -0.840972290658712 -0.129099444873581 -0.129099444873581 -0.909829297356509 0.366201028116486
-0.267091073909918 -0.758824495411969 -1.04904347452132 -0.574012964404629 -0.952766445326385 -0.543613236481064 -0.465679199348528 -0.315438161909684 -0.557747256466868 -0.533015146752257 -0.785958923767048 -0.805076126538568 -0.751869771207751 -0.806662964902916 -0.74765594966959 -1.18240768753094 -0.129099444873581 -0.13879505004981 -0.810740945299824 -0.197401481919987 -0.795363261416156 -0.840972290658712 -0.129099444873581 -0.129099444873581 -1.05158011493692 -0.490479210531702
0.568767406289023 -0.203781777277724 0.0169081165666428 -0.574012964404629 -0.952766445326385 1.22497227296107 -0.435538326551271 1.09181344439359 -0.0368977691412448 -0.533015146752257 -0.405819700855131 -0.0824376167718468 -0.509959059630715 -0.443293168385063 0.762257355206009 0.950910674571559 -0.129099444873581 -0.13879505004981 0.291385007753662 -0.197401481919987 1.13174594471557 0.514182064583873 7.61686724754125 -0.129099444873581 1.11956934204934 -0.490479210531702
-0.759878139906787 -0.758824495411969 -1.06289815372272 -0.574012964404629 -0.71916485719814 -0.480099140111027 -0.584487684125015 -0.315438161909684 -0.557747256466868 -0.533015146752257 -0.785958923767048 -0.805076126538568 -0.751869771207751 -0.806662964902916 -0.74765594966959 -1.22960366476652 -0.129099444873581 -0.13879505004981 -0.810740945299824 -0.197401481919987 -1.02048227666827 -0.840972290658712 -0.129099444873581 -0.129099444873581 -0.642726276935993 -0.490479210531702
-0.85042642162169 1.86059381054462 -0.679014263644909 -0.574012964404629 -0.112472147336292 -0.622128990025459 0.500205735410815 -0.315438161909684 -0.557747256466868 2.17703343506302 1.57232727185525 1.67520786212436 1.76114571050116 1.70161404191823 1.6230099293759 -0.744036227252959 -0.129099444873581 -0.13879505004981 1.69119365975957 -0.197401481919987 -0.723033646935127 1.47200657923073 -0.129099444873581 -0.129099444873581 -0.869963291948138 -0.490479210531702
2.93189624170155 0.191748718713818 0.875386471240582 0.187737535700414 0.671795499992419 2.59981700700828 4.41443216964272 6.09160976258314 3.41061715168014 -0.533015146752257 0.295144573954203 0.648067484763035 0.306928447790155 0.9571540860247 -0.74765594966959 0.971726434883201 -0.129099444873581 -0.13879505004981 0.595976777808394 -0.197401481919987 2.92353864285769 0.546790166550078 -0.129099444873581 -0.129099444873581 2.42130636012324 -0.490479210531702
-0.121107518261204 -0.758824495411969 -1.13560983714873 -0.574012964404629 -0.952766445326385 -0.311520709574178 -0.523591689289446 -0.315438161909684 -0.557747256466868 -0.533015146752257 -0.785958923767048 -0.805076126538568 -0.751869771207751 -0.806662964902916 -0.74765594966959 -1.37794358557315 -0.129099444873581 -0.13879505004981 -0.810740945299824 -0.197401481919987 -0.895555239722715 -0.840972290658712 -0.129099444873581 -0.129099444873581 -0.886610284767302 -0.490479210531702
0.0512582618717906 -0.758824495411969 0.214352875321003 -0.165592564155116 -0.347196217420067 0.838856290280092 -0.398401953524206 -0.315438161909684 1.54705404300301 -0.533015146752257 -0.785958923767048 -0.805076126538568 -0.751869771207751 -0.806662964902916 -0.74765594966959 -0.576393858158747 -0.129099444873581 -0.13879505004981 -0.810740945299824 -0.197401481919987 -0.051326174276556 -0.840972290658712 -0.129099444873581 -0.129099444873581 -0.39701569828538 -0.490479210531702
-1.38051419317563 -0.509436609669152 0.199887284538989 -0.574012964404629 0.442649860386401 -0.738166653727985 -0.603693790058969 -0.315438161909684 -0.557747256466868 -0.533015146752257 -0.235897468213504 -0.805076126538568 -0.478547119424705 -0.806662964902916 -0.74765594966959 -0.519997234910112 -0.129099444873581 -0.13879505004981 -0.810740945299824 -0.197401481919987 -0.736432186512386 -0.840972290658712 -0.129099444873581 -0.129099444873581 -0.742257292839716 -0.490479210531702
-0.746788160035667 2.01768054545065 -1.01839360771238 -0.574012964404629 -0.791895055988828 -0.738166653727985 -0.5754039451926 -0.315438161909684 -0.557747256466868 2.56470081240825 1.50153068830282 1.19448953541023 1.45788019612438 1.41805455741898 1.12896039768981 -1.04229082031256 -0.129099444873581 -0.13879505004981 1.82687851451671 -0.197401481919987 -0.919492585222043 1.18188609957832 -0.129099444873581 -0.129099444873581 -0.987060524179403 -0.490479210531702
0.64757324568676 -0.375992336693192 -0.0242086063431723 2.18868990090297 4.69301346928231 0.952730721285101 2.39238435665006 0.460224065788259 0.666689352615502 -0.533015146752257 0.0690934946945191 -0.805076126538568 -0.433915276284818 -0.806662964902916 -0.436686693322572 0.460463213018382 7.61686724754125 -0.13879505004981 -0.347919347219461 6.83068732699207 1.15358286306931 -0.840972290658712 -0.129099444873581 -0.129099444873581 1.12736308101946 -0.209312284556835
0.81569447919706 1.61048766409895 -0.3515427312399 1.16218813361782 0.884658689030716 0.670606020292426 -0.465740104000558 -0.315438161909684 0.390085489757338 0.675450539635959 1.5502494842217 1.2750857492887 1.53126903775715 1.57385133305445 1.54461479835399 -0.672322481140111 -0.129099444873581 -0.13879505004981 1.30825016514759 -0.197401481919987 0.198819181098277 0.786644526726402 -0.129099444873581 -0.129099444873581 0.188636349988415 2.29641430969616
-0.532762829732375 -0.63729177196201 -1.04314804200684 0.382734066793594 -0.952766445326385 -0.180327379102573 -0.534006288180175 -0.315438161909684 -0.557747256466868 -0.533015146752257 -0.575652261880313 -0.805076126538568 -0.701071025406608 -0.806662964902916 -0.74765594966959 -0.758470747211557 -0.129099444873581 -0.13879505004981 -0.518637320221473 -0.197401481919987 -0.18161862226151 -0.367190884163623 -0.129099444873581 -0.129099444873581 -0.278362934552721 -0.490479210531702
-0.621054267673917 -0.758824495411969 -0.397227642963386 -0.574012964404629 0.721657995261281 -0.584310307608103 0.22302649558981 -0.315438161909684 -0.384669013692686 -0.533015146752257 -0.785958923767048 -0.805076126538568 -0.751869771207751 -0.806662964902916 -0.74765594966959 -0.313846388036397 -0.129099444873581 -0.13879505004981 -0.810740945299824 -0.197401481919987 -0.933596576174267 -0.840972290658712 -0.129099444873581 -0.129099444873581 -0.897964477426897 0.169379811578459
1.43654422421184 -0.676407095387761 -0.00510067187574684 0.464993202094566 -0.591888732967735 0.624589540611832 -0.522654741753812 -0.315438161909684 0.927586219469248 -0.533015146752257 -0.785958923767048 -0.805076126538568 -0.592615312811943 -0.557197664089145 -0.54739855812787 -0.011411121707017 -0.129099444873581 -0.13879505004981 -0.529564554371302 -0.197401481919987 0.587542319391118 -0.292299637412623 -0.129099444873581 -0.129099444873581 0.311847932884917 -0.274206717040684
-0.645537488020777 -0.758824495411969 -0.901411637776955 -0.574012964404629 -0.952766445326385 -0.738166653727985 -0.603693790058969 -0.315438161909684 -0.557747256466868 -0.533015146752257 -0.785958923767048 -0.805076126538568 -0.751869771207751 -0.641939877321045 -0.74765594966959 -0.958823383295426 -0.129099444873581 -0.13879505004981 -0.810740945299824 -0.197401481919987 -0.728741185487802 -0.840972290658712 -0.129099444873581 -0.129099444873581 -0.950049904805327 -0.490479210531702
-0.306870517613958 1.25996525712445 -0.190338067663363 -0.574012964404629 0.249202790999028 -0.571047822039676 -0.564012399642846 -0.315438161909684 -0.557747256466868 1.78147924601541 1.26517701612717 1.69315499289104 1.64249347381077 1.74620003804521 1.52315501767784 0.667576844741894 -0.129099444873581 -0.13879505004981 1.26545550566771 -0.197401481919987 -0.645100309104444 1.3135521050453 -0.129099444873581 -0.129099444873581 -0.312072985644814 -0.490479210531702
-0.0456877009425744 -0.758824495411969 -0.642114084429276 -0.574012964404629 -0.854670218894003 0.00583640382520535 -0.516475751735246 -0.315438161909684 0.344850597617176 -0.533015146752257 -0.785958923767048 -0.805076126538568 -0.751869771207751 -0.806662964902916 -0.74765594966959 -0.545505340289139 -0.129099444873581 -0.13879505004981 -0.810740945299824 -0.197401481919987 -0.0736217533092361 -0.840972290658712 -0.129099444873581 -0.129099444873581 0.0328783715027994 -0.490479210531702
-0.846151991597798 1.41147893795123 -0.201933554260047 -0.574012964404629 0.0346666329466554 -0.738166653727985 -0.507171423765314 -0.315438161909684 -0.557747256466868 0.395906601088081 1.290712150567 1.13333764261545 1.19590906437161 1.57357221484048 1.4331687241687 1.82427264404286 -0.129099444873581 -0.13879505004981 1.48921771602774 -0.197401481919987 -0.322371052080597 1.07835072927867 -0.129099444873581 -0.129099444873581 -0.00474809568205158 -0.254424745728917
-0.243111023184347 1.16885019472215 0.752291931949383 -0.332537338109384 -0.27491943009643 -0.738166653727985 0.573619196608928 -0.315438161909684 -0.557747256466868 1.33163100283318 1.19024254278806 1.00601815761124 1.59145374967571 0.846232596280605 1.2766220187052 0.159840063595206 -0.129099444873581 -0.13879505004981 1.25888871645441 -0.197401481919987 -0.490871865981832 1.83646072156797 -0.129099444873581 -0.129099444873581 -0.235328123122968 0.192175128488116
3.66163582498637 -0.0993529608997935 0.574360476299159 -0.574012964404629 0.295031140060483 1.07624800779167 -0.553056110442422 -0.315438161909684 0.254052621528322 -0.533015146752257 0.57434473352471 0.566242558390936 0.0892847639968528 0.801368948816108 1.22115479854334 1.63914202449295 -0.129099444873581 7.59440690370517 0.674091056559072 -0.197401481919987 2.5533934741261 0.441406704710103 -0.129099444873581 -0.129099444873581 2.32077329221968 -0.490479210531702
0.429947335770159 1.1871482074809 1.58096235977067 -0.574012964404629 0.111970931645029 -0.738166653727985 -0.529417514215468 -0.315438161909684 -0.557747256466868 1.08232761042107 1.01564724014746 0.494839825817475 1.1092617616906 0.646657636735917 1.29582011554752 1.3613172789084 -0.129099444873581 -0.13879505004981 1.10354915571009 -0.197401481919987 0.200252537805932 0.680438514916709 -0.129099444873581 -0.129099444873581 0.432657196300643 0.824678108589546
0.482346019219215 -0.360181850509 0.727877571659792 -0.574012964404629 1.22203464857444 0.202138552137313 1.21379048396491 -0.315438161909684 -0.557747256466868 0.162715812696959 0.123917168126032 0.267027007739401 0.178314164421135 0.201442331098137 -0.3726010946974 1.33816097220329 -0.129099444873581 -0.13879505004981 -0.40525499206606 -0.197401481919987 0.268878478481908 0.141939163995935 -0.129099444873581 -0.129099444873581 0.328593934713193 -0.490479210531702
-0.353706549700278 -0.758824495411969 2.19048426292217 0.580188442745732 1.60611216430544 0.426896731517706 -0.402266121118292 -0.0642579235545996 -0.0788670640065935 -0.533015146752257 -0.785958923767048 -0.805076126538568 -0.751869771207751 -0.806662964902916 -0.74765594966959 0.989075690956896 -0.129099444873581 -0.13879505004981 -0.810740945299824 -0.197401481919987 0.802009410266049 -0.840972290658712 -0.129099444873581 -0.129099444873581 0.860900764831347 -0.276175915554105
-0.106649610590263 -0.22679608754741 0.649631095973166 -0.574012964404629 0.0762807125979815 -0.471863644964731 -0.534910151466737 -0.315438161909684 -0.557747256466868 -0.533015146752257 -0.234760621715523 0.570186377142859 -0.381881333435643 0.415046507466689 -0.415253102316772 1.99495477111918 -0.129099444873581 -0.13879505004981 -0.614841988498593 -0.197401481919987 0.309159012676546 0.935680023037522 -0.129099444873581 -0.129099444873581 0.697116368195566 -0.490479210531702
-0.218637909322495 -0.744971344514564 0.213922415392124 -0.574012964404629 -0.709772781008555 0.184197824303744 -0.41182904132602 -0.315438161909684 0.392848292278799 -0.533015146752257 -0.785958923767048 -0.805076126538568 -0.730342793691217 -0.806662964902916 -0.74765594966959 -0.544943429328814 -0.129099444873581 -0.13879505004981 -0.810740945299824 -0.197401481919987 -0.392079210362628 -0.840972290658712 -0.129099444873581 7.61686724754125 -0.45994950650705 0.114942810391137
0.184749433347756 -0.737826035104323 0.0490735910501002 2.29303097954527 1.44360650301162 0.294676524778025 1.05761257849629 0.554665292338094 0.197810846951856 -0.533015146752257 -0.785958923767048 -0.805076126538568 -0.734243546760002 -0.806662964902916 -0.694314814740212 0.100933195731573 -0.129099444873581 -0.13879505004981 -0.810740945299824 -0.197401481919987 0.0538872272826948 -0.840972290658712 -0.129099444873581 -0.129099444873581 -0.0121128255773517 -0.490479210531702
0.26934541714878 -0.528155267711808 -0.291248156493313 3.53107268261454 1.62714761800366 1.3196027098323 2.21173919194323 -0.00988343717384219 0.592015074822494 -0.533015146752257 -0.474275414027653 -0.805076126538568 -0.481206206071382 -0.806662964902916 -0.74765594966959 1.73404614556265 -0.129099444873581 -0.13879505004981 -0.810740945299824 -0.197401481919987 1.1554202156122 -0.840972290658712 -0.129099444873581 -0.129099444873581 1.66177323026307 2.30568285563462
-0.480690228867031 1.41847050343155 -0.266088133041956 -0.574012964404629 0.502561404393963 -0.738166653727985 -0.579587583821967 -0.315438161909684 -0.557747256466868 1.36474424522071 1.31472775835303 1.61112597214998 1.52552068277563 1.5297932009402 1.03271464734948 -0.974296314135274 -0.129099444873581 -0.13879505004981 1.3282587205501 -0.197401481919987 -0.648714669767114 1.78472558563078 -0.129099444873581 -0.129099444873581 -0.781235277293821 -0.490479210531702
-0.575218647814528 1.94243856506333 -0.15919231976893 -0.574012964404629 -0.263324961036431 -0.738166653727985 -0.603693790058969 -0.315438161909684 -0.557747256466868 2.28553601310447 2.02804680089302 1.97716225119743 1.92570016697246 1.36592348447534 1.85166252986335 -0.309264770482547 -0.129099444873581 -0.13879505004981 1.60332578574584 -0.197401481919987 -0.910547878544227 1.70980280142066 -0.129099444873581 -0.129099444873581 -0.871133444545458 -0.490479210531702
0.668673978087392 1.22384692096417 3.63211113548342 0.0809205472190399 0.702648817167593 0.380150530041583 1.73955478006575 -0.315438161909684 0.337194975445132 1.27814589467945 1.02158580840454 0.742971690081291 1.23451153812129 0.705168047779799 1.4101023889872 0.209540370782238 -0.129099444873581 -0.13879505004981 1.23980048843245 -0.197401481919987 0.854243274880478 0.855487861229957 -0.129099444873581 -0.129099444873581 0.586941176309059 -0.490479210531702
1.34992692898217 -0.623467666851904 0.746629757064283 1.31170796295551 -0.581978856938964 1.08149805021505 -0.172113579564163 -0.00634692415606625 1.35485635820574 -0.533015146752257 -0.785958923767048 -0.805076126538568 -0.357208516737971 -0.806662964902916 -0.634753634273641 1.4452339198982 -0.129099444873581 -0.13879505004981 -0.810740945299824 -0.197401481919987 2.07716787155166 -0.134883892291832 -0.129099444873581 -0.129099444873581 2.3572946143037 -0.0367809564094772
-0.725976225468828 -0.758824495411969 -1.17923222394801 -0.574012964404629 -0.0594304351145819 1.17682506530447 -0.553079552211401 -0.164956477413558 0.851568234207476 -0.533015146752257 -0.785958923767048 -0.805076126538568 -0.751869771207751 -0.806662964902916 -0.74765594966959 -1.02329033523677 -0.129099444873581 -0.13879505004981 -0.810740945299824 -0.197401481919987 -1.01051151457854 -0.840972290658712 -0.129099444873581 -0.129099444873581 0.0532434581140977 -0.490479210531702
-0.237109183957498 1.4726610453805 -0.142733035517325 -0.574012964404629 0.615101752140799 -0.527671232090982 -0.532415046911128 -0.315438161909684 -0.557747256466868 1.01844834093307 1.63972761282085 0.958920370685801 1.2848264222199 1.39254309016953 1.70899201584722 0.130481608693881 -0.129099444873581 -0.13879505004981 1.42223854856128 -0.197401481919987 -0.645494078545679 1.46937628316871 -0.129099444873581 -0.129099444873581 -0.478168631317377 -0.490479210531702
1.06039512617135 -0.545980369470199 3.06084455562729 1.24204660324496 -0.596623495346385 -0.0209527271346225 -0.518290484802006 0.166997298702948 -0.27536082760985 -0.533015146752257 -0.218137268667903 0.530569555266314 -0.389972847297726 -0.300074996477705 0.0933943995374154 0.268129125049054 -0.129099444873581 -0.13879505004981 -0.0313484346281009 -0.197401481919987 1.42981752544054 -0.00129522301315234 -0.129099444873581 -0.129099444873581 1.91235711641777 -0.490479210531702
-0.712492578393562 -0.758824495411969 -0.149587906918841 -0.574012964404629 -0.163286018529879 -0.738166653727985 -0.549814561757862 -0.315438161909684 -0.557747256466868 -0.533015146752257 -0.785958923767048 -0.805076126538568 -0.715812364898595 -0.806662964902916 -0.74765594966959 -0.626214878530596 -0.129099444873581 -0.13879505004981 -0.739934416442712 -0.197401481919987 -0.826653959705685 -0.840972290658712 -0.129099444873581 -0.129099444873581 -0.98601231574911 -0.490479210531702
-0.813740309292981 -0.629702035704659 0.247838521766729 -0.574012964404629 -0.660971765642895 -0.738166653727985 0.323406418950413 -0.315438161909684 -0.557747256466868 -0.533015146752257 -0.785958923767048 -0.201669121601521 -0.728456029792673 -0.498579315159947 -0.0364435303483032 -0.75921921859286 -0.129099444873581 -0.13879505004981 -0.429541911139957 -0.197401481919987 -0.907992229337708 -0.479259595513178 -0.129099444873581 -0.129099444873581 -0.882659093374423 -0.490479210531702
-1.23823908324072 -0.0738701182547517 -0.328214147006392 -0.574012964404629 -0.586468749332539 -0.738166653727985 -0.522380510024038 -0.315438161909684 -0.557747256466868 -0.533015146752257 -0.785958923767048 -0.805076126538568 -0.534649647003546 -0.36006378973757 -0.74765594966959 -0.26319223742811 -0.129099444873581 -0.13879505004981 -0.810740945299824 -0.197401481919987 -0.375737912495117 0.195370364248962 -0.129099444873581 -0.129099444873581 -0.236866100836575 -0.490479210531702
-0.337609186015455 1.63099246100722 -0.535229258585985 0.354518312897326 -0.361834640411298 4.99833476545568 -0.373949458076172 -0.315438161909684 5.35539437671729 1.59750163749516 1.72646949324136 1.74925213465386 0.94436819188073 1.71501218727899 1.51231744786283 0.357091914189091 -0.129099444873581 -0.13879505004981 1.64203531058768 -0.197401481919987 0.0305083297013971 0.759769221207427 -0.129099444873581 -0.129099444873581 0.690866201789115 0.765755700244479
-0.748795325792667 -0.593992764627123 -0.861008762088056 -0.574012964404629 -0.65198326046551 -0.738166653727985 -0.560416990974314 -0.315438161909684 -0.213458681718465 -0.533015146752257 -0.785958923767048 -0.805076126538568 -0.657404599848796 -0.806662964902916 -0.74765594966959 -0.641465514882458 -0.129099444873581 -0.13879505004981 -0.012272245955564 -0.197401481919987 -0.761318916868539 -0.840972290658712 -0.129099444873581 -0.129099444873581 -0.861119640725777 -0.490479210531702
-0.614191488951303 -0.758824495411969 -0.846814621382522 -0.574012964404629 -0.636343674551518 -0.424456400673715 -0.376058646775149 -0.315438161909684 -0.0725051558076965 -0.533015146752257 -0.785958923767048 -0.805076126538568 -0.751869771207751 -0.806662964902916 -0.74765594966959 -1.0862016014424 -0.129099444873581 -0.13879505004981 -0.810740945299824 -0.197401481919987 -0.605927409046846 -0.840972290658712 -0.129099444873581 -0.129099444873581 -0.931300866229395 -0.490479210531702
0.557216167042291 -0.758824495411969 -0.553333978381207 1.78876353157964 -0.087749315802246 -0.102454623219919 2.50905974152536 -0.0586135142875083 -0.300041270880229 -0.533015146752257 -0.785958923767048 -0.805076126538568 -0.751869771207751 -0.806662964902916 -0.74765594966959 0.122299564310627 -0.129099444873581 -0.13879505004981 -0.810740945299824 2.6271798274142 0.648596326559009 -0.840972290658712 -0.129099444873581 -0.129099444873581 0.596115532494043 2.62843267761947
0.632589227763733 -0.758824495411969 -0.315201668742877 0.42737026760718 0.0022567385460563 1.13648208289806 1.27198256239025 -0.0932099396160702 0.238648588791416 -0.533015146752257 -0.785958923767048 -0.805076126538568 -0.751869771207751 -0.806662964902916 -0.74765594966959 -0.107830675573911 -0.129099444873581 -0.13879505004981 -0.810740945299824 -0.197401481919987 -0.0977366096189844 -0.840972290658712 -0.129099444873581 -0.129099444873581 -0.223007553018215 -0.490479210531702
1.03472102858878 0.146724107358043 1.33170432861405 -0.574012964404629 -0.220606900557317 -0.738166653727985 -0.568579325430525 -0.315438161909684 -0.557747256466868 -0.533015146752257 0.0920322263583216 0.884661503413673 -0.230712469152457 0.28818924017655 -0.74765594966959 0.868661812412358 -0.129099444873581 -0.13879505004981 0.605679768941837 -0.197401481919987 0.904731705235308 0.619667077710763 -0.129099444873581 -0.129099444873581 0.606862304135251 1.0913009265864
-0.00681616302144648 -0.758824495411969 -0.593427266540237 1.20209761156658 -0.0539020638484847 -0.104668904428365 1.18658219933249 0.336126971676342 0.128743889547607 -0.533015146752257 -0.785958923767048 -0.805076126538568 -0.726911362662232 -0.806662964902916 -0.74765594966959 -0.155139222853266 -0.129099444873581 0.455705999183823 -0.810740945299824 -0.197401481919987 0.0444119688859609 -0.840972290658712 -0.129099444873581 -0.129099444873581 -0.00263107471754291 0.97549821996627
2.57921685986055 0.282836628628781 1.45365658643542 3.49910453969227 2.41689429661201 1.14416671761024 -0.452641828646969 1.51956982768578 0.731166338187886 -0.533015146752257 0.365926854500959 0.980289086842944 1.15915486936614 1.26472797500889 0.833587689002899 1.48015916690803 -0.129099444873581 -0.13879505004981 -0.0131428311515038 -0.197401481919987 2.34079044583674 0.47648025918989 -0.129099444873581 -0.129099444873581 2.15173239283616 2.99424759976026
1.24420017532254 1.02740324982871 -0.264216993315087 1.21292716026303 -0.952766445326385 0.110780939857655 -0.38820126789911 -0.315438161909684 -0.557747256466868 -0.533015146752257 1.13437199567559 0.445180194385789 1.05876640834633 1.1341202473939 0.572944496823917 1.21953480015116 -0.129099444873581 -0.13879505004981 1.07200757917634 -0.197401481919987 2.26674525382941 1.21117334716713 -0.129099444873581 -0.129099444873581 1.54527798941682 3.33337706554022
0.0803787565824131 0.750368770403927 0.144421444867455 -0.574012964404629 -0.708114595837767 -0.250852443548296 -0.491691877170457 -0.315438161909684 -0.0740445957944721 -0.533015146752257 0.386597728951526 0.682020800189557 -0.0286565843165589 0.880608902121019 0.444877072550046 0.514113026222469 -0.129099444873581 -0.13879505004981 0.066917379469286 -0.197401481919987 -0.0524869397898969 0.627283729050035 -0.129099444873581 -0.129099444873581 0.307274596212568 -0.490479210531702
-0.587767014902642 -0.758824495411969 -0.72600114141767 -0.574012964404629 -0.195510216145668 -0.614748795597499 -0.584690130572747 -0.315438161909684 -0.557747256466868 -0.533015146752257 -0.785958923767048 -0.805076126538568 -0.751869771207751 -0.806662964902916 -0.74765594966959 -0.969080204248561 -0.129099444873581 -0.13879505004981 -0.810740945299824 -0.197401481919987 -0.996193516837561 -0.840972290658712 -0.129099444873581 -0.129099444873581 -1.18513139285133 -0.490479210531702
0.055501545425729 0.173701306092828 1.37680255650066 -0.574012964404629 0.281499088620786 -0.738166653727985 -0.515659409801296 -0.315438161909684 -0.557747256466868 0.117017994145149 0.882524943371882 0.822660367285288 0.53997004736148 0.24372877851299 1.30230140832909 0.390414171021179 -0.129099444873581 -0.13879505004981 1.22085477244332 -0.197401481919987 0.364981971811079 2.44213149509414 -0.129099444873581 -0.129099444873581 0.233767406000718 -0.490479210531702
-1.32388711322665 3.19198057037441 -1.03867322471649 -0.574012964404629 -0.276008865337834 -0.686411732200057 -0.597222856829976 -0.315438161909684 -0.557747256466868 3.2032442859829 3.01648543708645 3.0777261286014 3.5220783849899 2.62654792558157 2.62908068469219 -1.56406030710403 -0.129099444873581 -0.13879505004981 2.82890660920158 -0.197401481919987 -1.3662890686842 2.60519727356064 -0.129099444873581 -0.129099444873581 -1.55728627298574 -0.490479210531702
-0.947830052239245 -0.758824495411969 -0.196582892853917 -0.574012964404629 -0.847965840850868 -0.738166653727985 0.199788219422299 -0.315438161909684 -0.557747256466868 -0.533015146752257 -0.785958923767048 -0.805076126538568 -0.751869771207751 -0.806662964902916 -0.74765594966959 -0.866459322195676 -0.129099444873581 -0.13879505004981 -0.810740945299824 -0.197401481919987 -0.864385938355806 -0.840972290658712 -0.129099444873581 -0.129099444873581 -1.13493444169781 -0.490479210531702
1.29932023585187 0.0433317867905543 0.83823941011163 -0.574012964404629 0.637041500700489 -0.738166653727985 -0.581101970583384 -0.315438161909684 -0.202033175919292 -0.533015146752257 0.159785171748527 0.339006557403609 0.307303243619888 0.235623100634595 -0.387443973559663 1.55071255540723 -0.129099444873581 -0.13879505004981 0.536477163391189 -0.197401481919987 0.758824297982491 0.547281409897763 -0.129099444873581 -0.129099444873581 0.729220037180332 2.80722454204129
0.0520269941953618 0.964790509934026 1.22666420410581 -0.574012964404629 -0.110223192425259 -0.397583665776775 -0.503407286541804 -0.315438161909684 -0.557747256466868 2.41678298537646 1.50664225265646 1.24345689643876 0.79815290123738 1.5030919513632 1.50149190502978 2.44757982717922 -0.129099444873581 -0.13879505004981 1.20072480696216 -0.197401481919987 0.233225862681574 -0.840972290658712 -0.129099444873581 -0.129099444873581 0.653144681698225 -0.490479210531702
-0.638979154365672 -0.758824495411969 -1.01943487353093 -0.574012964404629 -0.79775799935597 -0.513410174171138 -0.524588992554241 0.165757474902396 -0.557747256466868 -0.533015146752257 -0.785958923767048 -0.805076126538568 -0.751869771207751 -0.806662964902916 -0.74765594966959 -1.179369241344 -0.129099444873581 -0.13879505004981 -0.810740945299824 -0.197401481919987 -0.592411645810164 -0.840972290658712 -0.129099444873581 -0.129099444873581 -0.812205567573705 -0.490479210531702
-0.853502448787282 -0.758824495411969 -0.959839826491132 -0.221220078041881 -0.782085249778857 0.130543508192801 -0.351100557795665 3.63552378859943 0.597519025673371 -0.533015146752257 -0.785958923767048 -0.805076126538568 -0.751869771207751 -0.806662964902916 -0.74765594966959 -1.06883813313243 -0.129099444873581 -0.13879505004981 -0.810740945299824 -0.197401481919987 -0.510037247369413 -0.569958446301428 -0.129099444873581 -0.129099444873581 -0.889729128622169 -0.490479210531702
-0.0607628239878248 -0.758824495411969 -0.293191794431418 -0.121858603283677 -0.952766445326385 0.793576899014906 0.834448849883076 -0.315438161909684 0.638005568074069 -0.533015146752257 -0.785958923767048 -0.805076126538568 -0.751869771207751 -0.806662964902916 -0.74765594966959 -0.342962109550549 -0.129099444873581 -0.13879505004981 -0.810740945299824 1.79401731503297 -0.223093918107954 -0.840972290658712 -0.129099444873581 -0.129099444873581 -0.158983637015143 -0.490479210531702
-0.436945806538555 -0.758824495411969 -0.873984898104919 0.247302283056359 -0.597078803977366 0.0597611843646807 1.06774913571676 0.254259413557768 -0.0286645395304089 -0.533015146752257 -0.785958923767048 -0.805076126538568 -0.751869771207751 -0.806662964902916 -0.74765594966959 -0.687292687927968 -0.129099444873581 -0.13879505004981 -0.810740945299824 -0.197401481919987 -0.181859501900351 -0.840972290658712 -0.129099444873581 -0.129099444873581 -0.0621000488562346 -0.195241743694813
-1.31419662402288 -0.758824495411969 -0.994687824776939 -0.574012964404629 -0.545097554154649 -0.738166653727985 -0.588013592140025 -0.315438161909684 -0.557747256466868 -0.533015146752257 -0.785958923767048 -0.805076126538568 -0.751869771207751 -0.806662964902916 -0.74765594966959 -0.779194097616904 -0.129099444873581 -0.13879505004981 -0.810740945299824 -0.197401481919987 -1.15371537789807 -0.840972290658712 -0.129099444873581 -0.129099444873581 -1.25527858767905 -0.490479210531702
