-1.30704432692024
-0.789754843033897
-0.960123408213955
-1.02784512004878
-1.05502861443337
-1.18193990354552
-0.775934673356084
-0.542169029762833
-1.56400686162119
-1.26798007059354
-1.4556050424747
-1.27536362434082
-1.03833974629549
-0.91052728614867
-0.569120078705162
-0.699386429121054
-1.36740292208802
-0.533830306495067
-0.830263334664864
-1.04045438287691
-0.176116790749067
-0.514919741852584
-0.417410876208805
-0.257971579586709
-0.667861977052155
-0.130329661683035
-0.457381277579828
-0.248094142141978
-0.31678451451628
-0.401616047403709
-0.148832127653788
-0.550361439122471
-0.421994966721357
-0.548632835119785
-0.338911228797155
-0.191733095141419
-0.246489399645511
-0.44694651909343
-0.170237985035791
-0.124957576813348
-0.0171407155881872
1.39456788477457
0.310581399411525
-0.506646409499862
-0.568515715371838
-0.235284314942158
-0.641015638796501
0.30851188320464
-0.498155157931814
0.106454653207274
0.223608522641357
0.152035207754194
-0.419720983149177
-0.0533427788928299
-0.265651225989765
-0.359934762739938
0.200724401205257
-0.363170642198303
-0.372437331194843
-0.397033926562161
-0.106864799749177
-0.432420746313361
-0.504317525495225
0.142620686595203
-0.348973037182677
-0.623877599002656
-0.695477856858395
0.0903318630399906
-0.27303404526039
0.141515535787143
-1.04828915412092
-1.25761270737629
-1.04718874400497
-1.02704132604267
-1.13655788292771
-0.869108892727724
-0.977788315890134
-0.21578026083344
-0.495908587375062
0.358745452858974
0.637764211304857
0.510996373043196
0.162689401618639
0.601835668919316
0.514489639963279
0.0824592193900982
0.236860725534318
0.216406906774157
0.191186814302581
0.39681995876388
0.53967491517586
1.34959412784984
0.333018620865987
0.362448966923236
0.681167398673892
0.0519908882896231
0.187827245248101
0.13962821527037
0.347613041166906
0.510115523231426
0.189388739647099
0.0681523003218247
0.312278727995519
0.333969575272613
0.362759344558472
0.223767157378358
1.01587847301466
0.345942926028939
0.357016955891242
0.0572247193989496
0.639513573486947
0.76064676894387
0.190874832908883
0.405581018145836
0.344384276502558
-0.0612783060864826
1.73118660038085
-0.463739145976428
0.391885880715956
0.487087676767913
0.749485770042169
0.285612693866083
0.403591841449524
0.768345866339216
0.43434324964154
0.184552820024583
0.320479569482069
0.193527031387603
0.980429146776547
0.204367828935066
0.437601509540992
0.146347500296593
0.32847317145288
0.4257840433237
0.109231412865155
0.39586555835199
0.24375608692225
0.0555274900739019
0.373129710421367
1.24939934141304
0.354664451239321
0.520605196647445
0.196415890197262
1.76882045926756
0.264827411286045
-0.0330870572792121
0.298722816890712
1.14544078802529
0.780258419166377
0.79966832320216
0.354038693980633
1.21481678931595
1.06168358435666
1.42923425666423
1.31967034526692
0.341550444404021
0.360836173398774
-0.315479670802491
-0.419225367626411
-0.109270541760822
-0.17023167566729
0.0219914381237443
0.569572112427739
0.150962099240651
-0.00859340495858409
0.109580130229705
2.37466400266262
0.662543508652751
1.23485986235061
1.25202953324405
1.41715749339501
1.31240207550539
1.14987535098311
1.94081816078552
1.81311733893075
0.501407616100391
-0.0755925192464929
0.456603193882264
0.204958612129785
0.368070513133209
0.453091498359041
0.534507172671173
0.69420664668333
0.518067679420281
0.394687234748345
0.738341846494069
0.479694154957898
0.412181883500279
0.470058203309202
0.532427578174193
0.480695573356425
0.476903766923957
0.318830776839649
0.764370765366722
0.496968099303567
0.349277304789743
0.351965367633613
1.01089527593516
0.323178101119961
0.305489888608198
0.320358269831927
0.427670528988771
0.149495275553193
0.495020275984872
0.503232689500016
0.138816275513511
0.554839088242079
0.376138724209817
0.334983443195507
0.234317867454361
0.342376641730946
0.438039369436317
0.50922613880001
0.084722431230032
0.791206543099041
0.510735700354749
0.465189496962025
0.430617971515436
0.672956875920578
0.696110441501286
0.613799789370545
-0.045171076420679
0.0307453964045904
-0.0751580059928075
0.302021393895506
-0.00353800997004373
-0.0700515423245951
-0.0171887451446685
-0.352713368956887
-0.192694538014129
0.560247132413261
0.73091285074156
0.00444096848030839
0.513588954014056
0.361237625708874
0.356375833827506
0.405206068313421
0.253164816595852
0.419313980110212
0.237983570136997
0.517798470924686
0.18733917403662
0.451379557828427
-0.220612282861632
0.585845135654558
0.0752504295638722
0.571340819850251
0.311226917558632
-0.00390804532941419
0.0429251024346946
0.531673205157323
0.0899923314206788
-0.226070596383482
0.149545308132516
0.484995697307883
0.521589345312024
0.538710550659448
-0.346359530919557
-0.104223308341977
-0.327320119889243
0.138479496910778
0.955308120523628
-0.185180245649438
0.110430121300368
0.642002578130943
0.0787288992534606
0.546739840017556
-0.0774388971157142
0.198879495365097
0.485941429249641
-0.146487791484888
-0.0555527953186002
0.259090731347669
-0.0865271898464824
-0.071813294117008
0.214964000031558
0.18808460954546
0.101245275241799
0.0726835422705021
0.11314074564514
0.269704501882455
-0.00765262955892076
1.06688212325562
0.268371335450904
0.109133734744791
0.472535175432905
0.511336354766311
0.820217957540062
0.210391278655917
0.123243061850468
0.752204646739066
0.62820083724555
0.143272743031799
0.482780023136325
0.281900779962436
1.43989547016513
0.684349234728399
0.242796536688292
0.645719108309186
0.364507379692877
0.933767717613687
0.714909782541542
0.596986011935596
1.17763862792831
0.766919150898164
0.829584811772081
0.392040671621676
1.17533723668473
0.129325365374102
0.730281866593665
1.22362948722264
0.318606006864901
0.422275914341079
1.33876438857606
0.424775402080043
0.643596294335061
0.159638407379549
0.223365966041161
0.70229129503473
1.54010943860078
1.01444621340107
0.771769300214253
1.92620691980821
0.7217205279161
0.785038312498769
0.0934502663397321
0.712181851047128
0.886898345835659
0.610177439082697
1.65376121475376
0.943575576000329
1.6991019342986
1.48671569948205
1.18670447088567
1.51050541909244
1.77267382158581
1.68960529721952
0.770785770617592
1.9552723497337
0.432968612515301
0.659651953553357
1.12833152421932
0.811992460138916
1.26516523398488
0.518653178844371
0.590284860779925
0.519421314338616
0.785431524201805
1.44425593763894
1.33627484232358
2.08664837733091
1.75377270282004
2.02381008810141
0.461094314835
0.296965540152468
0.611906602516294
0.228083652073534
0.18077816857834
0.396688496793202
0.349082285423168
0.41890458264895
0.27482461169894
0.246311326457837
0.732448944271693
0.5336489312408
0.357167736563772
0.681673563579374
0.91128432064356
0.891436599420425
0.505992787608999
0.570123231777428
-0.0873597249220708
0.0552758727495426
0.881393582623984
1.22716693013867
0.809552447765262
1.10642927966094
1.33044782820023
0.701582478154337
0.796098808874573
0.314469541626313
0.345167677123966
0.274587489872215
0.462356778499004
0.237765821425499
0.472792139980785
0.0594082854141818
0.135092079353377
0.0478991053923565
0.105142732388549
0.187483463880916
0.289559521495493
0.338159851247097
0.0845720624855609
0.364734828280393
0.174377851596908
0.240550366477177
0.260168728458384
0.302089754956401
0.655245902387088
0.407743259157878
0.257876044310573
0.486729788067266
0.139724045100904
0.500674556899896
-0.130657041404698
0.45531150785838
0.0534520164570538
0.0308857613931965
0.84698453298856
0.20803704460673
-0.00859023150727961
0.765274972980184
0.144878722529396
0.319701910322531
0.557999650642862
0.198370540125406
0.236472150645408
0.813467031739125
0.15471229859871
-0.936667871637516
0.263964207140027
0.677138952128352
0.799117949549417
0.304958079141592
0.917548419976369
0.71747590369666
0.13531830623088
0.470489921578363
0.348567115358217
0.521695403561077
-0.0139860358903459
0.119790450078717
0.207762352935343
0.305477389304466
0.338292532738337
0.241970916589207
0.195007880044042
0.099839876571451
0.513728620234778
0.512843386973866
0.491627148726197
0.630531465924529
0.268482434158665
0.576752378555282
0.246967149109228
0.213393802228055
0.194510029533892
0.462968485719688
0.27237752506761
0.211654733246326
0.811480925581403
-0.233964093760872
0.805245735087152
0.773238648138767
0.331333823689714
-0.203095235819454
0.181257102024816
-0.211776231257234
0.172810700874862
-0.224616614385573
-0.260213924634489
0.915951827512417
0.154544727912721
0.529710480979157
0.614206719186186
0.447335586592073
0.04915323091895
0.24816594841
0.1757186963764
0.713412851503374
0.310245536364334
0.24057206290439
1.08869740632992
0.646636237044946
0.0797928018294564
0.0307000262084604
0.806558557385384
0.81293955386223
0.380623429375503
-0.135053710482841
0.491464517060392
0.524386647007978
0.547935499961882
0.273114007633436
0.326188715927347
0.684111439840545
0.224872939660504
0.34612412722812
0.241261356757867
0.40977630799925
0.38195036510886
-0.385173372877369
0.3481739933638
0.501714938601534
0.0688345114841488
0.069490589244258
0.148968006437729
0.262229982997242
0.0841038601912388
0.298726662767239
0.217686597807286
0.339513952023084
0.296096898234404
-0.814946997779587
0.0442056246266069
0.0849407203661568
0.320874501394074
0.472067864008168
0.31535282880937
0.477798182499054
0.619347682322302
0.412347114867727
0.0257973138147757
0.037474105408173
0.548521431489064
0.759040381296043
0.370785735550757
0.411528077290483
0.291882588222946
0.115310311578768
0.48645277390964
0.594731093426536
0.635793795975064
0.26682513757007
0.32098708660784
0.648455931645767
0.571762368401869
0.226262869540766
0.364103163664637
0.492651018522987
0.257230846564151
0.620794127033776
1.44254570477511
0.984339008681597
0.111140749535274
1.35398242994879
0.83837117160356
0.744439030701361
0.361657355616508
0.671061190241487
0.417868482450792
0.789248114011274
0.531095517318016
-0.0364410994085325
0.179033273818138
0.68513258327288
0.364941046153139
0.333518772423201
0.660233766451899
0.83140107815949
0.164055699056928
0.572277704546758
0.136346785473602
0.248448290232202
-0.195742936605831
0.506984669793135
0.0524105033527589
0.270218643017836
0.230313603223418
0.624663820463833
1.01963227138742
0.511253720956851
0.399279075132005
2.41958059147207
0.280804806614008
0.685249237692311
0.0946891763348399
-0.00346292240300884
0.568342861500695
0.107527216313628
0.437679256831739
0.296113675733312
0.270987634856765
1.01763118516732
-0.0481571422337214
0.322624535726711
0.217347135567221
0.427437979811038
0.344356328375409
0.44127581749949
0.271936569237305
0.328125580762137
0.839013532156431
0.152611446691878
0.387496353390432
-0.0200430591048787
-0.0912811717097855
-0.321807414134103
-0.507861349609491
0.457972439542595
0.549489538999633
0.78651193482595
0.547851110360417
0.99768172299181
0.627077795646522
1.79622812034991
0.728232810383477
0.236748907378748
0.58722940733549
0.503193798891005
0.351018352563027
0.13617128840052
0.131355689372274
0.445878728134351
0.112725231530095
0.71196946732737
0.959292133245884
0.557508919764049
0.336306937742387
0.228105889231588
-0.0736482146612166
0.253295414020161
0.444455905967068
-0.26824159811034
0.234383129169804
0.318999918977503
0.239302770843617
0.117117421870196
-0.0160188449531114
0.347169638835195
0.523107317452005
0.101574219213524
0.235700518111743
0.0864795946723011
-0.14060897986419
0.196638039919989
0.413856136371655
0.473952378183255
0.175972533084975
0.505099286722077
0.295753278580417
-0.000558569590023216
0.160883176662604
0.292656117622382
0.618278852056117
0.205788021302964
0.0288667468531997
-0.0450990393614794
0.575284759194384
-0.0827461751612161
0.40267050669444
0.349887594673759
0.130874598441321
1.43761004694004
0.595064700245358
0.0160517073845142
0.286499158085659
-0.114892634535614
-0.140986456959635
0.394959455264794
0.182475116526496
0.996967522794387
0.43780175042633
0.556810612703477
0.331016657940879
0.573988316648831
0.769296283064268
0.280997002554918
0.824778695752815
0.36475580109693
0.230293589030457
0.490455357654511
0.861760004580558
0.871608581788605
1.23394583011361
0.301483310609031
-0.129088260007726
0.842603416081601
0.351292615234078
-0.187159844190866
1.06437537482637
0.549152220384577
0.317075977704484
0.696089245520731
1.13030804930261
0.293171371006813
0.0459021794398424
0.00754461243623851
0.196318004745663
-0.0924713197117968
0.381092089466141
-0.206765623580721
-0.163550499660675
0.306189443096462
0.431936540732919
-0.363463903448524
0.34602236564771
0.307997479137676
0.951153516507042
-1.28158605273637
-0.732346389245519
-1.00143932038668
-1.983732775921
-1.33425947574153
-1.94970522252165
-0.74333095198961
-0.987797293247488
-2.33706869143735
-1.89161574548628
-1.08094272979444
-0.657648477454596
-0.420881578671678
-1.76791601492743
0.112575315236392
-1.12550136221424
-1.43205400090483
-1.85835432689056
0.0379242167024605
-1.09853265516616
-1.95613743933082
-1.3514068847271
-0.958238482707771
-1.605991745926
-1.46943355108646
-1.59195722863384
-1.33840878878074
-1.51819570823928
-2.28209804941073
-0.979613634700558
-2.65518281080382
-1.15201998003517
-1.4909152978923
-2.65194083455303
-2.48417549972027
-2.02917461694521
-1.58745407603395
-0.793318591912245
-1.97255361747308
-1.62371172892627
-0.995843076011498
-1.54523066822172
-2.50595967796897
-1.16827522952158
-0.926772995749939
-1.52174508294185
-1.50991375869668
-2.87553540144869
-0.71733436523147
-1.57372017068592
-0.0668169366924296
-1.64383463640555
-1.90736374842104
-2.90570995378926
-0.763249836810091
-2.5125953220047
-1.73446704432499
-2.58542244797573
-2.78411407275278
-1.71589979114017
-2.16357738088912
-1.45867510238537
-1.94581251889252
-2.20916021114066
-1.45498949065162
-2.21113250547033
-1.75103679407924
-1.86875585209346
-2.75901361752613
-2.16058015124003
-2.22141969675806
-2.27437459197368
-1.84711978854712
-2.7658711703473
-1.78557543603026
-2.56441537520744
-1.8658116392387
-2.31201012193567
-2.07267642690934
-3.13087756696663
-2.88752628135799
-2.73185871854863
-3.24870726478476
-2.88760924414154
-2.13892613999693
-3.02180172914916
-2.4567650401517
-3.07262837166511
-2.0630212438915
-2.90175146750099
-3.19618071152961
-3.22244441209652
-2.88500787329738
-2.64808209498488
-1.87401013877893
-2.26140910035961
-3.24870726478476
-2.21127342241345
-3.11317685453464
-2.81706341207241
-3.24870726478476
-3.11351609898859
-2.93264132786875
-2.5243003770787
-2.16261671914022
-2.06537838214998
-2.68708971220607
-1.91979293169239
-3.18034924501845
-2.77211878684129
-3.08133908676462
-3.11176319267105
-2.42361259607272
-2.56859644192757
-3.07047370170656
